A simulation of beads of water in a box
    0    2   1000
      111.000000        0.000000        0.000000
        0.000000      111.000000        0.000000
        0.000000        0.000000      300.000000
   WT       1
       94.350000      105.450000      105.000000
   WT       2
       49.950000       16.650000      255.000000
   WT       3
       94.350000        5.550000      105.000000
   WT       4
       83.250000       72.150000      225.000000
   WT       5
       83.250000       27.750000      225.000000
   WT       6
        5.550000       72.150000      105.000000
   WT       7
       38.850000       83.250000      135.000000
   WT       8
       16.650000       94.350000       15.000000
   WT       9
      105.450000       83.250000      135.000000
   WT      10
       16.650000      105.450000       15.000000
   WT      11
       94.350000       27.750000      105.000000
   WT      12
       94.350000       49.950000       45.000000
   WT      13
       49.950000       83.250000      135.000000
   WT      14
       27.750000       61.050000      285.000000
   WT      15
        5.550000       27.750000       75.000000
   WT      16
        5.550000       83.250000       75.000000
   WT      17
       27.750000       27.750000      195.000000
   WT      18
       83.250000      105.450000      255.000000
   WT      19
       94.350000       72.150000      195.000000
   WT      20
       16.650000      105.450000      195.000000
   WT      21
       94.350000       61.050000      165.000000
   WT      22
       83.250000       83.250000       45.000000
   WT      23
       83.250000       61.050000      255.000000
   WT      24
       49.950000       38.850000       75.000000
   WT      25
       83.250000       94.350000      105.000000
   WT      26
       27.750000       72.150000      285.000000
   WT      27
       38.850000       72.150000      195.000000
   WT      28
       27.750000        5.550000       15.000000
   WT      29
        5.550000       61.050000       75.000000
   WT      30
       94.350000        5.550000       75.000000
   WT      31
       94.350000      105.450000      135.000000
   WT      32
       72.150000       38.850000      135.000000
   WT      33
       94.350000       49.950000      195.000000
   WT      34
       16.650000       61.050000       45.000000
   WT      35
       94.350000      105.450000      165.000000
   WT      36
       27.750000       16.650000       15.000000
   WT      37
        5.550000      105.450000      225.000000
   WT      38
       38.850000       72.150000      165.000000
   WT      39
       49.950000       61.050000       75.000000
   WT      40
      105.450000       38.850000       75.000000
   WT      41
       83.250000       94.350000      255.000000
   WT      42
       72.150000       27.750000       15.000000
   WT      43
       72.150000       94.350000       15.000000
   WT      44
       83.250000       16.650000      165.000000
   WT      45
       49.950000       94.350000       15.000000
   WT      46
       61.050000       49.950000       45.000000
   WT      47
       94.350000        5.550000      195.000000
   WT      48
       38.850000       38.850000      195.000000
   WT      49
      105.450000      105.450000       15.000000
   WT      50
      105.450000       72.150000      165.000000
   WT      51
       72.150000       83.250000      255.000000
   WT      52
       83.250000       61.050000      105.000000
   WT      53
      105.450000       72.150000      255.000000
   WT      54
       61.050000      105.450000      165.000000
   WT      55
       83.250000       27.750000      285.000000
   WT      56
       72.150000       16.650000       75.000000
   WT      57
        5.550000       83.250000       45.000000
   WT      58
       49.950000       61.050000      225.000000
   WT      59
      105.450000       61.050000      105.000000
   WT      60
       72.150000       94.350000      105.000000
   WT      61
       83.250000       83.250000      255.000000
   WT      62
      105.450000       72.150000      225.000000
   WT      63
        5.550000       61.050000      195.000000
   WT      64
       94.350000       94.350000      105.000000
   WT      65
       16.650000       61.050000       75.000000
   WT      66
       61.050000       83.250000      195.000000
   WT      67
       83.250000       38.850000       15.000000
   WT      68
       27.750000       72.150000      225.000000
   WT      69
        5.550000       38.850000       15.000000
   WT      70
      105.450000      105.450000      255.000000
   WT      71
       16.650000       38.850000      195.000000
   WT      72
      105.450000      105.450000      135.000000
   WT      73
       94.350000      105.450000      285.000000
   WT      74
       72.150000       94.350000      195.000000
   WT      75
       38.850000       83.250000      255.000000
   WT      76
      105.450000       27.750000      225.000000
   WT      77
       61.050000       61.050000      135.000000
   WT      78
       72.150000       94.350000       45.000000
   WT      79
       27.750000       16.650000      135.000000
   WT      80
       72.150000       72.150000      225.000000
   WT      81
       38.850000       61.050000       15.000000
   WT      82
       49.950000       83.250000       75.000000
   WT      83
       38.850000       94.350000      285.000000
   WT      84
        5.550000       38.850000      285.000000
   WT      85
       27.750000       94.350000       45.000000
   WT      86
        5.550000       49.950000      195.000000
   WT      87
       61.050000       94.350000       45.000000
   WT      88
        5.550000       61.050000      105.000000
   WT      89
      105.450000      105.450000      105.000000
   WT      90
      105.450000       94.350000      105.000000
   WT      91
       94.350000       83.250000       75.000000
   WT      92
        5.550000       16.650000       75.000000
   WT      93
       38.850000       16.650000      225.000000
   WT      94
       27.750000       38.850000       75.000000
   WT      95
      105.450000       27.750000       15.000000
   WT      96
       16.650000       38.850000      225.000000
   WT      97
       83.250000       16.650000      135.000000
   WT      98
       38.850000       38.850000       45.000000
   WT      99
       72.150000       38.850000       45.000000
   WT     100
      105.450000       38.850000      165.000000
   WT     101
       83.250000       16.650000      255.000000
   WT     102
       61.050000      105.450000      225.000000
   WT     103
       49.950000       49.950000      165.000000
   WT     104
       16.650000       27.750000      255.000000
   WT     105
       16.650000       72.150000       15.000000
   WT     106
       38.850000        5.550000      165.000000
   WT     107
       72.150000       83.250000       45.000000
   WT     108
       72.150000       38.850000      105.000000
   WT     109
       38.850000      105.450000       15.000000
   WT     110
       27.750000       49.950000      285.000000
   WT     111
       38.850000       16.650000      165.000000
   WT     112
       16.650000       16.650000      165.000000
   WT     113
       27.750000       83.250000       45.000000
   WT     114
       83.250000       27.750000      135.000000
   WT     115
       61.050000       38.850000      165.000000
   WT     116
       61.050000       61.050000      165.000000
   WT     117
       72.150000       16.650000       15.000000
   WT     118
        5.550000       72.150000       75.000000
   WT     119
       27.750000       27.750000       45.000000
   WT     120
        5.550000        5.550000      165.000000
   WT     121
       61.050000       61.050000      105.000000
   WT     122
       16.650000       49.950000      135.000000
   WT     123
       72.150000        5.550000      255.000000
   WT     124
      105.450000        5.550000      105.000000
   WT     125
       16.650000       27.750000      135.000000
   WT     126
       27.750000        5.550000       75.000000
   WT     127
       94.350000       83.250000      285.000000
   WT     128
       61.050000       61.050000      255.000000
   WT     129
       72.150000       61.050000       15.000000
   WT     130
        5.550000        5.550000      285.000000
   WT     131
      105.450000       38.850000      255.000000
   WT     132
        5.550000      105.450000      105.000000
   WT     133
       61.050000       16.650000      195.000000
   WT     134
       72.150000       72.150000      135.000000
   WT     135
       49.950000       83.250000      105.000000
   WT     136
       72.150000       38.850000      255.000000
   WT     137
       27.750000       38.850000       15.000000
   WT     138
        5.550000      105.450000       45.000000
   WT     139
       49.950000       72.150000      285.000000
   WT     140
        5.550000       16.650000      165.000000
   WT     141
       38.850000       61.050000      135.000000
   WT     142
       83.250000       27.750000       15.000000
   WT     143
       83.250000        5.550000      135.000000
   WT     144
       83.250000       83.250000       15.000000
   WT     145
       72.150000       27.750000       75.000000
   WT     146
       38.850000       49.950000      165.000000
   WT     147
       94.350000       38.850000       45.000000
   WT     148
       72.150000       61.050000      225.000000
   WT     149
       49.950000       83.250000      285.000000
   WT     150
        5.550000        5.550000      225.000000
   WT     151
       83.250000       38.850000      165.000000
   WT     152
        5.550000       49.950000      285.000000
   WT     153
       27.750000        5.550000      105.000000
   WT     154
       61.050000       16.650000      225.000000
   WT     155
       72.150000       16.650000      165.000000
   WT     156
       27.750000       49.950000       75.000000
   WT     157
      105.450000       61.050000      135.000000
   WT     158
       94.350000       49.950000       15.000000
   WT     159
       38.850000       27.750000      255.000000
   WT     160
       27.750000       72.150000      255.000000
   WT     161
       72.150000       61.050000       75.000000
   WT     162
       94.350000       94.350000      165.000000
   WT     163
       94.350000       83.250000      255.000000
   WT     164
       83.250000        5.550000       75.000000
   WT     165
       38.850000      105.450000      165.000000
   WT     166
       94.350000       83.250000       45.000000
   WT     167
        5.550000       83.250000      165.000000
   WT     168
       72.150000       49.950000      135.000000
   WT     169
       94.350000       61.050000      195.000000
   WT     170
       27.750000       61.050000       45.000000
   WT     171
        5.550000        5.550000      255.000000
   WT     172
       94.350000       83.250000       15.000000
   WT     173
       38.850000       94.350000      195.000000
   WT     174
       94.350000       49.950000       75.000000
   WT     175
       61.050000       83.250000      285.000000
   WT     176
       16.650000       94.350000      165.000000
   WT     177
       16.650000       61.050000       15.000000
   WT     178
       27.750000       27.750000       75.000000
   WT     179
       72.150000       83.250000       75.000000
   WT     180
       72.150000       27.750000      285.000000
   WT     181
       72.150000       61.050000       45.000000
   WT     182
       27.750000       49.950000       15.000000
   WT     183
      105.450000       61.050000       45.000000
   WT     184
        5.550000        5.550000       45.000000
   WT     185
       83.250000       49.950000      165.000000
   WT     186
       83.250000       49.950000       15.000000
   WT     187
       16.650000       16.650000       75.000000
   WT     188
       94.350000       27.750000      255.000000
   WT     189
       27.750000       94.350000       15.000000
   WT     190
       72.150000        5.550000      165.000000
   WT     191
       38.850000       49.950000       15.000000
   WT     192
       38.850000       16.650000      105.000000
   WT     193
       72.150000       94.350000      255.000000
   WT     194
       16.650000        5.550000      135.000000
   WT     195
       72.150000      105.450000      255.000000
   WT     196
       61.050000       94.350000      195.000000
   WT     197
       94.350000       38.850000       15.000000
   WT     198
       16.650000       83.250000      195.000000
   WT     199
       16.650000        5.550000       15.000000
   WT     200
       38.850000       27.750000      195.000000
   WT     201
       94.350000       27.750000       45.000000
   WT     202
       72.150000        5.550000      195.000000
   WT     203
       83.250000       27.750000      255.000000
   WT     204
       61.050000       27.750000      135.000000
   WT     205
      105.450000       94.350000      165.000000
   WT     206
       72.150000       49.950000      105.000000
   WT     207
       83.250000        5.550000      285.000000
   WT     208
       27.750000       94.350000       75.000000
   WT     209
       49.950000       49.950000       45.000000
   WT     210
       38.850000       72.150000      285.000000
   WT     211
       94.350000       61.050000      135.000000
   WT     212
       16.650000       38.850000      135.000000
   WT     213
       27.750000       72.150000       15.000000
   WT     214
       83.250000       61.050000       15.000000
   WT     215
      105.450000        5.550000      135.000000
   WT     216
       27.750000       27.750000      105.000000
   WT     217
       38.850000       49.950000      285.000000
   WT     218
       72.150000       61.050000      195.000000
   WT     219
       83.250000       72.150000      165.000000
   WT     220
      105.450000       72.150000      105.000000
   WT     221
       72.150000       83.250000      135.000000
   WT     222
       27.750000       94.350000      255.000000
   WT     223
       61.050000       16.650000      105.000000
   WT     224
       49.950000       61.050000       45.000000
   WT     225
       49.950000       27.750000      195.000000
   WT     226
       83.250000       38.850000       45.000000
   WT     227
       61.050000       27.750000      225.000000
   WT     228
       49.950000        5.550000      195.000000
   WT     229
       83.250000       61.050000      225.000000
   WT     230
        5.550000       61.050000      255.000000
   WT     231
       94.350000       94.350000      285.000000
   WT     232
       27.750000      105.450000       75.000000
   WT     233
      105.450000       83.250000      255.000000
   WT     234
       72.150000       72.150000      105.000000
   WT     235
       72.150000       94.350000      165.000000
   WT     236
       16.650000       27.750000       15.000000
   WT     237
       83.250000       27.750000      195.000000
   WT     238
       61.050000       49.950000       75.000000
   WT     239
       61.050000      105.450000      105.000000
   WT     240
       94.350000       16.650000      135.000000
   WT     241
       61.050000       49.950000      195.000000
   WT     242
       72.150000      105.450000      225.000000
   WT     243
        5.550000       27.750000      135.000000
   WT     244
      105.450000       16.650000      255.000000
   WT     245
       49.950000       49.950000       75.000000
   WT     246
       94.350000        5.550000       45.000000
   WT     247
       49.950000       83.250000      255.000000
   WT     248
        5.550000       49.950000      165.000000
   WT     249
       72.150000       16.650000      195.000000
   WT     250
       61.050000       72.150000       45.000000
   WT     251
       83.250000       72.150000       15.000000
   WT     252
       72.150000       83.250000      225.000000
   WT     253
        5.550000       83.250000      225.000000
   WT     254
       61.050000       83.250000      225.000000
   WT     255
       49.950000       27.750000       15.000000
   WT     256
       16.650000       94.350000      105.000000
   WT     257
       61.050000       27.750000       75.000000
   WT     258
       27.750000       61.050000      195.000000
   WT     259
       61.050000       16.650000      165.000000
   WT     260
      105.450000       49.950000      105.000000
   WT     261
       27.750000       27.750000      135.000000
   WT     262
       94.350000        5.550000      225.000000
   WT     263
       61.050000       38.850000      225.000000
   WT     264
       49.950000       38.850000      195.000000
   WT     265
       27.750000       83.250000      285.000000
   WT     266
       61.050000        5.550000      255.000000
   WT     267
      105.450000       49.950000      165.000000
   WT     268
       72.150000       27.750000      225.000000
   WT     269
       38.850000      105.450000      225.000000
   WT     270
       72.150000        5.550000       45.000000
   WT     271
      105.450000       27.750000       45.000000
   WT     272
       49.950000       94.350000      195.000000
   WT     273
       49.950000       72.150000      105.000000
   WT     274
        5.550000       61.050000      135.000000
   WT     275
        5.550000       72.150000      225.000000
   WT     276
       49.950000       94.350000      285.000000
   WT     277
        5.550000       16.650000      195.000000
   WT     278
       61.050000      105.450000       15.000000
   WT     279
       49.950000        5.550000       75.000000
   WT     280
       16.650000       83.250000       45.000000
   WT     281
       16.650000      105.450000      165.000000
   WT     282
       16.650000       72.150000      135.000000
   WT     283
        5.550000       94.350000      105.000000
   WT     284
      105.450000       61.050000      285.000000
   WT     285
        5.550000      105.450000       15.000000
   WT     286
       27.750000       83.250000       15.000000
   WT     287
       72.150000       49.950000      255.000000
   WT     288
      105.450000       16.650000      135.000000
   WT     289
        5.550000       27.750000       45.000000
   WT     290
       94.350000       72.150000      105.000000
   WT     291
      105.450000       94.350000      195.000000
   WT     292
       49.950000       72.150000      195.000000
   WT     293
       72.150000       27.750000      195.000000
   WT     294
       94.350000       27.750000      285.000000
   WT     295
       61.050000       72.150000       15.000000
   WT     296
       38.850000      105.450000      105.000000
   WT     297
       16.650000       94.350000      195.000000
   WT     298
       94.350000       83.250000      105.000000
   WT     299
       27.750000      105.450000      195.000000
   WT     300
       61.050000       94.350000      135.000000
   WT     301
       61.050000       61.050000       45.000000
   WT     302
       94.350000       16.650000      285.000000
   WT     303
       83.250000       49.950000      225.000000
   WT     304
       38.850000      105.450000      285.000000
   WT     305
       83.250000      105.450000      195.000000
   WT     306
       72.150000        5.550000       15.000000
   WT     307
      105.450000       49.950000      225.000000
   WT     308
       38.850000       27.750000       45.000000
   WT     309
       61.050000        5.550000      135.000000
   WT     310
       27.750000       16.650000       45.000000
   WT     311
       83.250000       27.750000       75.000000
   WT     312
       72.150000       72.150000      195.000000
   WT     313
       49.950000       83.250000       45.000000
   WT     314
       83.250000       83.250000      225.000000
   WT     315
       94.350000       49.950000      285.000000
   WT     316
       27.750000        5.550000      255.000000
   WT     317
        5.550000       16.650000       45.000000
   WT     318
       83.250000       16.650000      285.000000
   WT     319
      105.450000        5.550000      195.000000
   WT     320
       72.150000       61.050000      105.000000
   WT     321
        5.550000        5.550000      135.000000
   WT     322
       49.950000       61.050000      165.000000
   WT     323
       94.350000       16.650000      165.000000
   WT     324
       16.650000       61.050000      195.000000
   WT     325
       16.650000       38.850000      255.000000
   WT     326
       16.650000       72.150000       75.000000
   WT     327
       83.250000      105.450000      165.000000
   WT     328
       72.150000       94.350000       75.000000
   WT     329
        5.550000       94.350000      285.000000
   WT     330
       38.850000       38.850000      225.000000
   WT     331
       94.350000       83.250000      165.000000
   WT     332
        5.550000       38.850000       45.000000
   WT     333
       27.750000      105.450000       15.000000
   WT     334
       61.050000       27.750000       45.000000
   WT     335
       38.850000      105.450000       75.000000
   WT     336
       72.150000      105.450000      195.000000
   WT     337
       27.750000       94.350000      225.000000
   WT     338
       72.150000       83.250000      105.000000
   WT     339
       49.950000       94.350000      255.000000
   WT     340
       38.850000       38.850000      285.000000
   WT     341
       61.050000       61.050000      285.000000
   WT     342
       49.950000       61.050000      105.000000
   WT     343
       72.150000       49.950000       15.000000
   WT     344
       49.950000       27.750000      165.000000
   WT     345
       49.950000       27.750000      285.000000
   WT     346
       94.350000       61.050000       45.000000
   WT     347
       72.150000       27.750000       45.000000
   WT     348
       61.050000       83.250000       75.000000
   WT     349
       27.750000        5.550000      285.000000
   WT     350
       49.950000       72.150000      165.000000
   WT     351
       83.250000       72.150000      105.000000
   WT     352
       49.950000       27.750000       75.000000
   WT     353
       83.250000       72.150000      195.000000
   WT     354
        5.550000       49.950000       75.000000
   WT     355
       38.850000       94.350000       15.000000
   WT     356
       94.350000      105.450000      225.000000
   WT     357
       38.850000       83.250000       15.000000
   WT     358
       49.950000       16.650000      195.000000
   WT     359
       38.850000       94.350000      105.000000
   WT     360
       83.250000       72.150000      255.000000
   WT     361
       83.250000      105.450000      285.000000
   WT     362
      105.450000       49.950000      285.000000
   WT     363
       27.750000       49.950000      255.000000
   WT     364
       49.950000       38.850000      255.000000
   WT     365
       72.150000       94.350000      135.000000
   WT     366
       61.050000      105.450000      195.000000
   WT     367
      105.450000       38.850000       45.000000
   WT     368
        5.550000      105.450000      135.000000
   WT     369
       94.350000        5.550000      165.000000
   WT     370
       16.650000       72.150000      285.000000
   WT     371
       61.050000        5.550000      165.000000
   WT     372
       72.150000       83.250000      195.000000
   WT     373
       83.250000       72.150000       45.000000
   WT     374
       16.650000       27.750000       45.000000
   WT     375
       27.750000       38.850000      255.000000
   WT     376
       38.850000       72.150000      105.000000
   WT     377
       49.950000       38.850000      105.000000
   WT     378
      105.450000       94.350000       45.000000
   WT     379
       94.350000       38.850000      105.000000
   WT     380
       27.750000       83.250000      135.000000
   WT     381
       83.250000      105.450000      105.000000
   WT     382
       94.350000       94.350000       15.000000
   WT     383
       16.650000       83.250000      255.000000
   WT     384
       38.850000       16.650000       15.000000
   WT     385
       61.050000       72.150000      285.000000
   WT     386
       61.050000       38.850000      105.000000
   WT     387
      105.450000       83.250000       45.000000
   WT     388
        5.550000       72.150000      255.000000
   WT     389
       16.650000       27.750000       75.000000
   WT     390
      105.450000       83.250000      225.000000
   WT     391
       61.050000       16.650000      255.000000
   WT     392
      105.450000       83.250000      195.000000
   WT     393
       72.150000       61.050000      255.000000
   WT     394
       16.650000       72.150000      225.000000
   WT     395
       72.150000       72.150000       75.000000
   WT     396
       61.050000      105.450000       75.000000
   WT     397
       38.850000       16.650000      195.000000
   WT     398
       16.650000       16.650000      225.000000
   WT     399
      105.450000       27.750000      135.000000
   WT     400
        5.550000       94.350000      135.000000
   WT     401
       94.350000       61.050000      285.000000
   WT     402
       94.350000       72.150000      255.000000
   WT     403
       38.850000       61.050000      195.000000
   WT     404
       38.850000      105.450000      255.000000
   WT     405
       49.950000       49.950000      285.000000
   WT     406
       61.050000       94.350000      255.000000
   WT     407
        5.550000       49.950000       45.000000
   WT     408
       49.950000       38.850000       45.000000
   WT     409
       94.350000        5.550000      285.000000
   WT     410
       16.650000        5.550000       45.000000
   WT     411
       61.050000       38.850000       75.000000
   WT     412
       16.650000       61.050000      285.000000
   WT     413
       38.850000       83.250000      225.000000
   WT     414
       61.050000        5.550000      225.000000
   WT     415
       38.850000       94.350000      225.000000
   WT     416
       94.350000       49.950000      105.000000
   WT     417
       94.350000       38.850000      195.000000
   WT     418
       27.750000       16.650000      165.000000
   WT     419
       27.750000       38.850000      105.000000
   WT     420
       49.950000       27.750000      135.000000
   WT     421
       61.050000       38.850000      135.000000
   WT     422
       61.050000       49.950000      105.000000
   WT     423
       94.350000      105.450000       45.000000
   WT     424
       83.250000       94.350000       45.000000
   WT     425
       61.050000       49.950000      285.000000
   WT     426
       16.650000       38.850000      165.000000
   WT     427
       94.350000      105.450000       15.000000
   WT     428
        5.550000       72.150000       45.000000
   WT     429
        5.550000       83.250000      105.000000
   WT     430
       27.750000       27.750000       15.000000
   WT     431
      105.450000       61.050000      165.000000
   WT     432
       72.150000        5.550000      135.000000
   WT     433
       27.750000       49.950000       45.000000
   WT     434
       16.650000       49.950000      285.000000
   WT     435
        5.550000       83.250000      285.000000
   WT     436
        5.550000       61.050000      225.000000
   WT     437
       27.750000        5.550000       45.000000
   WT     438
      105.450000       94.350000      225.000000
   WT     439
       61.050000       72.150000      165.000000
   WT     440
        5.550000       72.150000      195.000000
   WT     441
       94.350000       49.950000      135.000000
   WT     442
       61.050000       27.750000      105.000000
   WT     443
       38.850000        5.550000      285.000000
   WT     444
       27.750000        5.550000      195.000000
   WT     445
       94.350000       16.650000      255.000000
   WT     446
       61.050000       94.350000      225.000000
   WT     447
       61.050000       94.350000       75.000000
   WT     448
      105.450000      105.450000      225.000000
   WT     449
       38.850000       38.850000      135.000000
   WT     450
       72.150000       49.950000      225.000000
   WT     451
        5.550000       72.150000       15.000000
   WT     452
       61.050000       27.750000      195.000000
   WT     453
      105.450000       72.150000       45.000000
   WT     454
       83.250000       61.050000      135.000000
   WT     455
       27.750000       49.950000      225.000000
   WT     456
       49.950000       38.850000       15.000000
   WT     457
        5.550000      105.450000      195.000000
   WT     458
       49.950000       83.250000      225.000000
   WT     459
       83.250000      105.450000      135.000000
   WT     460
       94.350000       27.750000      165.000000
   WT     461
       72.150000       72.150000      255.000000
   WT     462
       16.650000       94.350000      225.000000
   WT     463
       49.950000       94.350000       45.000000
   WT     464
       61.050000       83.250000      255.000000
   WT     465
       49.950000        5.550000      135.000000
   WT     466
      105.450000       49.950000       15.000000
   WT     467
       61.050000      105.450000       45.000000
   WT     468
       83.250000       49.950000      255.000000
   WT     469
      105.450000        5.550000      225.000000
   WT     470
      105.450000       94.350000      255.000000
   WT     471
       83.250000      105.450000       75.000000
   WT     472
       72.150000       94.350000      285.000000
   WT     473
       94.350000       27.750000       15.000000
   WT     474
       61.050000       38.850000      285.000000
   WT     475
       27.750000       49.950000      135.000000
   WT     476
       27.750000       27.750000      225.000000
   WT     477
      105.450000       16.650000      195.000000
   WT     478
       94.350000        5.550000      255.000000
   WT     479
       49.950000       49.950000       15.000000
   WT     480
       83.250000       94.350000      195.000000
   WT     481
       61.050000       49.950000      135.000000
   WT     482
       83.250000       94.350000      165.000000
   WT     483
      105.450000       83.250000       15.000000
   WT     484
       94.350000       38.850000      255.000000
   WT     485
      105.450000      105.450000       45.000000
   WT     486
      105.450000       72.150000      135.000000
   WT     487
       72.150000       27.750000      105.000000
   WT     488
       94.350000      105.450000       75.000000
   WT     489
      105.450000       38.850000      195.000000
   WT     490
       38.850000       38.850000       75.000000
   WT     491
       27.750000       61.050000      135.000000
   WT     492
       83.250000       83.250000       75.000000
   WT     493
      105.450000       27.750000      285.000000
   WT     494
      105.450000        5.550000       45.000000
   WT     495
      105.450000      105.450000      165.000000
   WT     496
       16.650000       61.050000      225.000000
   WT     497
        5.550000       38.850000      255.000000
   WT     498
      105.450000       16.650000       45.000000
   WT     499
       16.650000       38.850000      105.000000
   WT     500
        5.550000       72.150000      135.000000
   WT     501
       49.950000      105.450000      165.000000
   WT     502
       38.850000       27.750000      135.000000
   WT     503
      105.450000       38.850000       15.000000
   WT     504
      105.450000       49.950000      135.000000
   WT     505
       94.350000       72.150000      285.000000
   WT     506
        5.550000       61.050000      165.000000
   WT     507
       27.750000       61.050000      165.000000
   WT     508
      105.450000       49.950000      195.000000
   WT     509
       38.850000       27.750000       15.000000
   WT     510
       94.350000       49.950000      225.000000
   WT     511
       49.950000       38.850000      225.000000
   WT     512
       38.850000      105.450000      135.000000
   WT     513
       61.050000       72.150000      135.000000
   WT     514
       38.850000       16.650000       75.000000
   WT     515
       94.350000       38.850000      285.000000
   WT     516
       38.850000       27.750000      225.000000
   WT     517
       72.150000        5.550000      285.000000
   WT     518
       16.650000       16.650000       45.000000
   WT     519
       83.250000       94.350000      135.000000
   WT     520
       27.750000       72.150000       75.000000
   WT     521
       38.850000       61.050000       75.000000
   WT     522
       72.150000        5.550000       75.000000
   WT     523
      105.450000       72.150000      195.000000
   WT     524
      105.450000       61.050000       15.000000
   WT     525
       16.650000        5.550000       75.000000
   WT     526
       49.950000       49.950000      255.000000
   WT     527
       38.850000       83.250000       45.000000
   WT     528
       16.650000       16.650000      195.000000
   WT     529
        5.550000       49.950000      225.000000
   WT     530
       49.950000       16.650000      225.000000
   WT     531
        5.550000       38.850000      225.000000
   WT     532
       61.050000       16.650000       15.000000
   WT     533
       38.850000       16.650000      285.000000
   WT     534
       49.950000       83.250000       15.000000
   WT     535
       49.950000       49.950000      105.000000
   WT     536
        5.550000       49.950000      105.000000
   WT     537
       83.250000       38.850000      285.000000
   WT     538
       16.650000       49.950000      255.000000
   WT     539
       16.650000       27.750000      165.000000
   WT     540
       16.650000       49.950000      225.000000
   WT     541
       61.050000       72.150000      255.000000
   WT     542
       72.150000       61.050000      285.000000
   WT     543
       16.650000       83.250000       75.000000
   WT     544
       72.150000       38.850000       15.000000
   WT     545
       38.850000       72.150000      255.000000
   WT     546
       27.750000       61.050000      225.000000
   WT     547
       27.750000       38.850000      165.000000
   WT     548
       94.350000       94.350000       75.000000
   WT     549
       61.050000       61.050000      225.000000
   WT     550
        5.550000       27.750000      225.000000
   WT     551
        5.550000        5.550000       75.000000
   WT     552
       16.650000      105.450000      285.000000
   WT     553
       83.250000       16.650000       15.000000
   WT     554
       61.050000       94.350000      165.000000
   WT     555
      105.450000       83.250000      285.000000
   WT     556
       16.650000      105.450000      225.000000
   WT     557
       27.750000       94.350000      195.000000
   WT     558
       61.050000       49.950000       15.000000
   WT     559
        5.550000       94.350000       15.000000
   WT     560
       49.950000        5.550000      105.000000
   WT     561
        5.550000       38.850000      195.000000
   WT     562
        5.550000       27.750000      195.000000
   WT     563
       49.950000       61.050000      285.000000
   WT     564
       61.050000       83.250000      105.000000
   WT     565
        5.550000       94.350000       45.000000
   WT     566
       61.050000      105.450000      135.000000
   WT     567
       49.950000      105.450000      285.000000
   WT     568
       27.750000       16.650000      105.000000
   WT     569
       38.850000       72.150000       75.000000
   WT     570
       27.750000       94.350000      165.000000
   WT     571
       49.950000       27.750000       45.000000
   WT     572
        5.550000       16.650000      135.000000
   WT     573
       94.350000       49.950000      255.000000
   WT     574
       61.050000       61.050000       75.000000
   WT     575
       27.750000       16.650000      255.000000
   WT     576
       16.650000       72.150000      105.000000
   WT     577
       38.850000       27.750000      105.000000
   WT     578
       94.350000       38.850000      165.000000
   WT     579
        5.550000       61.050000      285.000000
   WT     580
       27.750000       27.750000      165.000000
   WT     581
       61.050000       72.150000      105.000000
   WT     582
       16.650000       38.850000      285.000000
   WT     583
       49.950000       94.350000      165.000000
   WT     584
       27.750000       61.050000      105.000000
   WT     585
      105.450000       61.050000      225.000000
   WT     586
       94.350000       61.050000      105.000000
   WT     587
       61.050000       72.150000       75.000000
   WT     588
       94.350000       16.650000      225.000000
   WT     589
        5.550000       38.850000      165.000000
   WT     590
       83.250000       38.850000       75.000000
   WT     591
      105.450000       49.950000       45.000000
   WT     592
       16.650000       83.250000      285.000000
   WT     593
      105.450000       61.050000      195.000000
   WT     594
       49.950000       83.250000      165.000000
   WT     595
       16.650000       94.350000      285.000000
   WT     596
       38.850000        5.550000       75.000000
   WT     597
      105.450000        5.550000       15.000000
   WT     598
       38.850000       49.950000      105.000000
   WT     599
       94.350000       27.750000      225.000000
   WT     600
        5.550000       72.150000      165.000000
   WT     601
       72.150000       61.050000      165.000000
   WT     602
       61.050000       16.650000       75.000000
   WT     603
       94.350000       94.350000       45.000000
   WT     604
       27.750000       16.650000      285.000000
   WT     605
       38.850000        5.550000      135.000000
   WT     606
       83.250000       49.950000      285.000000
   WT     607
       61.050000       49.950000      225.000000
   WT     608
       16.650000       94.350000       45.000000
   WT     609
       49.950000       94.350000       75.000000
   WT     610
      105.450000       16.650000      165.000000
   WT     611
       49.950000       72.150000       75.000000
   WT     612
       72.150000      105.450000       75.000000
   WT     613
       94.350000      105.450000      195.000000
   WT     614
       49.950000       72.150000       15.000000
   WT     615
       27.750000       38.850000       45.000000
   WT     616
       27.750000       38.850000      135.000000
   WT     617
       27.750000       61.050000       15.000000
   WT     618
       38.850000       38.850000      105.000000
   WT     619
       61.050000        5.550000      105.000000
   WT     620
       16.650000       94.350000      135.000000
   WT     621
       27.750000       83.250000       75.000000
   WT     622
       83.250000       49.950000      105.000000
   WT     623
       72.150000        5.550000      225.000000
   WT     624
       38.850000        5.550000       45.000000
   WT     625
      105.450000       72.150000       15.000000
   WT     626
       16.650000       61.050000      135.000000
   WT     627
       38.850000       27.750000      165.000000
   WT     628
       61.050000       38.850000       15.000000
   WT     629
       61.050000       61.050000       15.000000
   WT     630
       38.850000       83.250000      195.000000
   WT     631
      105.450000       83.250000      105.000000
   WT     632
       72.150000       38.850000      285.000000
   WT     633
       49.950000        5.550000       45.000000
   WT     634
       94.350000       83.250000      135.000000
   WT     635
       38.850000       94.350000      165.000000
   WT     636
       94.350000       72.150000      165.000000
   WT     637
       61.050000       27.750000      165.000000
   WT     638
      105.450000       27.750000      195.000000
   WT     639
        5.550000       27.750000       15.000000
   WT     640
      105.450000       38.850000      105.000000
   WT     641
       38.850000       94.350000      135.000000
   WT     642
      105.450000       94.350000      135.000000
   WT     643
       61.050000       94.350000      105.000000
   WT     644
       83.250000       83.250000      165.000000
   WT     645
       94.350000       38.850000      135.000000
   WT     646
       16.650000        5.550000      285.000000
   WT     647
       49.950000       49.950000      195.000000
   WT     648
       49.950000       61.050000      135.000000
   WT     649
       38.850000       72.150000       15.000000
   WT     650
       61.050000       72.150000      195.000000
   WT     651
       83.250000       61.050000      285.000000
   WT     652
       83.250000       61.050000      165.000000
   WT     653
        5.550000      105.450000      285.000000
   WT     654
        5.550000       94.350000      195.000000
   WT     655
       83.250000        5.550000       45.000000
   WT     656
       16.650000       83.250000      105.000000
   WT     657
       38.850000       61.050000       45.000000
   WT     658
       16.650000       49.950000       45.000000
   WT     659
       49.950000       38.850000      165.000000
   WT     660
       27.750000       49.950000      165.000000
   WT     661
       49.950000       49.950000      225.000000
   WT     662
       61.050000       49.950000      255.000000
   WT     663
       38.850000       49.950000      255.000000
   WT     664
       49.950000       72.150000       45.000000
   WT     665
       72.150000       83.250000      285.000000
   WT     666
       27.750000       61.050000      255.000000
   WT     667
       72.150000       38.850000       75.000000
   WT     668
       49.950000       38.850000      135.000000
   WT     669
      105.450000        5.550000      165.000000
   WT     670
       27.750000      105.450000      285.000000
   WT     671
       49.950000        5.550000      165.000000
   WT     672
       38.850000        5.550000      225.000000
   WT     673
       16.650000       49.950000       75.000000
   WT     674
       16.650000       94.350000      255.000000
   WT     675
       16.650000        5.550000      105.000000
   WT     676
      105.450000       94.350000       15.000000
   WT     677
       94.350000       27.750000       75.000000
   WT     678
       72.150000       72.150000      285.000000
   WT     679
       27.750000        5.550000      225.000000
   WT     680
       83.250000       27.750000       45.000000
   WT     681
       49.950000       16.650000       75.000000
   WT     682
       72.150000       16.650000      225.000000
   WT     683
       83.250000      105.450000       45.000000
   WT     684
        5.550000       94.350000      165.000000
   WT     685
       16.650000       83.250000      225.000000
   WT     686
       72.150000      105.450000      165.000000
   WT     687
      105.450000       38.850000      225.000000
   WT     688
       94.350000       16.650000       75.000000
   WT     689
       38.850000        5.550000      105.000000
   WT     690
       27.750000      105.450000      255.000000
   WT     691
       49.950000       38.850000      285.000000
   WT     692
       49.950000      105.450000      105.000000
   WT     693
        5.550000       16.650000      255.000000
   WT     694
       49.950000      105.450000       15.000000
   WT     695
      105.450000       83.250000      165.000000
   WT     696
       61.050000       83.250000      165.000000
   WT     697
       83.250000       94.350000      225.000000
   WT     698
       27.750000      105.450000      105.000000
   WT     699
       49.950000       27.750000      255.000000
   WT     700
      105.450000       94.350000      285.000000
   WT     701
       49.950000       61.050000      255.000000
   WT     702
       49.950000      105.450000      195.000000
   WT     703
       38.850000       61.050000      165.000000
   WT     704
       38.850000       49.950000      195.000000
   WT     705
       83.250000       72.150000      285.000000
   WT     706
        5.550000      105.450000      255.000000
   WT     707
      105.450000       72.150000      285.000000
   WT     708
       83.250000       16.650000       75.000000
   WT     709
       38.850000       16.650000      135.000000
   WT     710
       83.250000       38.850000      105.000000
   WT     711
       94.350000       94.350000      225.000000
   WT     712
       27.750000       49.950000      195.000000
   WT     713
       27.750000      105.450000      225.000000
   WT     714
       49.950000      105.450000      135.000000
   WT     715
       27.750000       16.650000      195.000000
   WT     716
       72.150000       38.850000      195.000000
   WT     717
       83.250000       16.650000      105.000000
   WT     718
       83.250000        5.550000      255.000000
   WT     719
       49.950000       49.950000      135.000000
   WT     720
       49.950000       61.050000       15.000000
   WT     721
       16.650000       72.150000      165.000000
   WT     722
       72.150000      105.450000      135.000000
   WT     723
       72.150000      105.450000       45.000000
   WT     724
       49.950000       72.150000      225.000000
   WT     725
      105.450000       94.350000       75.000000
   WT     726
       38.850000      105.450000      195.000000
   WT     727
       83.250000       61.050000       75.000000
   WT     728
       16.650000       72.150000      255.000000
   WT     729
        5.550000      105.450000      165.000000
   WT     730
       38.850000       38.850000      165.000000
   WT     731
       94.350000       49.950000      165.000000
   WT     732
       27.750000       27.750000      285.000000
   WT     733
       83.250000       94.350000       75.000000
   WT     734
       83.250000        5.550000      195.000000
   WT     735
        5.550000       83.250000       15.000000
   WT     736
       38.850000       72.150000      135.000000
   WT     737
       83.250000        5.550000      165.000000
   WT     738
       61.050000       72.150000      225.000000
   WT     739
       94.350000       72.150000       15.000000
   WT     740
        5.550000        5.550000      195.000000
   WT     741
       72.150000       49.950000      285.000000
   WT     742
       72.150000       49.950000       75.000000
   WT     743
       27.750000       72.150000      105.000000
   WT     744
        5.550000       83.250000      255.000000
   WT     745
       72.150000       38.850000      165.000000
   WT     746
       38.850000       72.150000       45.000000
   WT     747
       83.250000       49.950000      195.000000
   WT     748
       72.150000       61.050000      135.000000
   WT     749
       49.950000       27.750000      225.000000
   WT     750
       16.650000       83.250000      165.000000
   WT     751
       16.650000       38.850000       45.000000
   WT     752
       16.650000       38.850000       15.000000
   WT     753
       61.050000        5.550000       75.000000
   WT     754
       49.950000       72.150000      135.000000
   WT     755
       49.950000       16.650000       45.000000
   WT     756
       94.350000       72.150000      225.000000
   WT     757
        5.550000       16.650000      105.000000
   WT     758
       16.650000       16.650000      285.000000
   WT     759
       49.950000      105.450000      255.000000
   WT     760
       16.650000       94.350000       75.000000
   WT     761
       49.950000        5.550000      285.000000
   WT     762
       16.650000       49.950000      195.000000
   WT     763
       16.650000       61.050000      105.000000
   WT     764
        5.550000       49.950000      255.000000
   WT     765
       94.350000       38.850000       75.000000
   WT     766
       16.650000       38.850000       75.000000
   WT     767
      105.450000       27.750000       75.000000
   WT     768
      105.450000       27.750000      165.000000
   WT     769
       38.850000       38.850000       15.000000
   WT     770
       27.750000       83.250000      105.000000
   WT     771
       83.250000       83.250000      135.000000
   WT     772
       94.350000       94.350000      195.000000
   WT     773
       27.750000       49.950000      105.000000
   WT     774
       72.150000       83.250000      165.000000
   WT     775
       27.750000        5.550000      165.000000
   WT     776
        5.550000        5.550000       15.000000
   WT     777
        5.550000       49.950000       15.000000
   WT     778
      105.450000       16.650000       15.000000
   WT     779
       83.250000       38.850000      195.000000
   WT     780
       61.050000       16.650000       45.000000
   WT     781
       16.650000        5.550000      255.000000
   WT     782
       16.650000       72.150000      195.000000
   WT     783
        5.550000       61.050000       15.000000
   WT     784
       49.950000       94.350000      225.000000
   WT     785
       61.050000       38.850000       45.000000
   WT     786
       38.850000       16.650000       45.000000
   WT     787
       38.850000        5.550000      255.000000
   WT     788
       16.650000       61.050000      255.000000
   WT     789
        5.550000       38.850000       75.000000
   WT     790
       72.150000       27.750000      255.000000
   WT     791
       61.050000       38.850000      195.000000
   WT     792
       83.250000       72.150000      135.000000
   WT     793
       61.050000       27.750000       15.000000
   WT     794
       16.650000       16.650000      135.000000
   WT     795
       72.150000       16.650000       45.000000
   WT     796
       61.050000       94.350000      285.000000
   WT     797
       61.050000       83.250000       15.000000
   WT     798
       38.850000       16.650000      255.000000
   WT     799
       83.250000       83.250000      195.000000
   WT     800
       16.650000       27.750000      195.000000
   WT     801
       94.350000       72.150000      135.000000
   WT     802
       83.250000       61.050000       45.000000
   WT     803
       16.650000      105.450000       45.000000
   WT     804
        5.550000       27.750000      165.000000
   WT     805
       38.850000       83.250000      105.000000
   WT     806
       38.850000       27.750000       75.000000
   WT     807
       38.850000       94.350000       75.000000
   WT     808
        5.550000       27.750000      105.000000
   WT     809
       94.350000       94.350000      135.000000
   WT     810
      105.450000       27.750000      255.000000
   WT     811
       61.050000       61.050000      195.000000
   WT     812
       61.050000        5.550000      195.000000
   WT     813
       61.050000        5.550000       45.000000
   WT     814
       72.150000       27.750000      135.000000
   WT     815
       49.950000      105.450000      225.000000
   WT     816
        5.550000       16.650000      225.000000
   WT     817
      105.450000       72.150000       75.000000
   WT     818
       72.150000      105.450000      285.000000
   WT     819
       27.750000       38.850000      225.000000
   WT     820
       27.750000       83.250000      225.000000
   WT     821
       83.250000       94.350000      285.000000
   WT     822
        5.550000       27.750000      285.000000
   WT     823
       83.250000        5.550000       15.000000
   WT     824
      105.450000        5.550000      285.000000
   WT     825
       72.150000      105.450000      105.000000
   WT     826
       27.750000       72.150000      165.000000
   WT     827
       38.850000        5.550000       15.000000
   WT     828
       72.150000       49.950000      165.000000
   WT     829
       83.250000      105.450000      225.000000
   WT     830
       83.250000      105.450000       15.000000
   WT     831
       27.750000       61.050000       75.000000
   WT     832
       49.950000        5.550000      225.000000
   WT     833
       94.350000       16.650000      105.000000
   WT     834
       38.850000       61.050000      105.000000
   WT     835
      105.450000        5.550000       75.000000
   WT     836
       72.150000       72.150000       45.000000
   WT     837
        5.550000       27.750000      255.000000
   WT     838
       72.150000       16.650000      285.000000
   WT     839
       72.150000       72.150000       15.000000
   WT     840
        5.550000       72.150000      285.000000
   WT     841
       27.750000       16.650000       75.000000
   WT     842
       27.750000       94.350000      135.000000
   WT     843
       49.950000       94.350000      135.000000
   WT     844
       27.750000       38.850000      195.000000
   WT     845
       83.250000       49.950000      135.000000
   WT     846
       16.650000       16.650000      255.000000
   WT     847
       27.750000       94.350000      285.000000
   WT     848
       16.650000       72.150000       45.000000
   WT     849
       94.350000       83.250000      225.000000
   WT     850
       61.050000      105.450000      285.000000
   WT     851
      105.450000       83.250000       75.000000
   WT     852
       83.250000       38.850000      255.000000
   WT     853
       72.150000       16.650000      135.000000
   WT     854
       49.950000       16.650000       15.000000
   WT     855
        5.550000        5.550000      105.000000
   WT     856
       16.650000       61.050000      165.000000
   WT     857
       94.350000       27.750000      135.000000
   WT     858
       83.250000       49.950000       75.000000
   WT     859
       61.050000       49.950000      165.000000
   WT     860
       83.250000       27.750000      105.000000
   WT     861
       16.650000       16.650000      105.000000
   WT     862
       27.750000      105.450000      135.000000
   WT     863
       61.050000      105.450000      255.000000
   WT     864
       72.150000       16.650000      255.000000
   WT     865
      105.450000       49.950000       75.000000
   WT     866
       38.850000       83.250000      165.000000
   WT     867
       72.150000       72.150000      165.000000
   WT     868
      105.450000       61.050000      255.000000
   WT     869
        5.550000       38.850000      135.000000
   WT     870
       94.350000       16.650000       15.000000
   WT     871
       61.050000       27.750000      285.000000
   WT     872
       61.050000        5.550000       15.000000
   WT     873
       38.850000       94.350000      255.000000
   WT     874
       72.150000      105.450000       15.000000
   WT     875
       27.750000       16.650000      225.000000
   WT     876
       49.950000      105.450000       75.000000
   WT     877
       38.850000       83.250000      285.000000
   WT     878
       72.150000       27.750000      165.000000
   WT     879
      105.450000       16.650000      285.000000
   WT     880
       38.850000       49.950000       45.000000
   WT     881
       94.350000       16.650000       45.000000
   WT     882
       27.750000       94.350000      105.000000
   WT     883
       94.350000       83.250000      195.000000
   WT     884
      105.450000       16.650000      105.000000
   WT     885
       94.350000      105.450000      255.000000
   WT     886
      105.450000       61.050000       75.000000
   WT     887
       16.650000       27.750000      285.000000
   WT     888
       83.250000       27.750000      165.000000
   WT     889
        5.550000       83.250000      135.000000
   WT     890
       16.650000        5.550000      225.000000
   WT     891
       38.850000       61.050000      255.000000
   WT     892
       94.350000       38.850000      225.000000
   WT     893
       38.850000        5.550000      195.000000
   WT     894
        5.550000       49.950000      135.000000
   WT     895
       72.150000       83.250000       15.000000
   WT     896
       83.250000        5.550000      225.000000
   WT     897
       16.650000      105.450000      255.000000
   WT     898
       94.350000       61.050000      225.000000
   WT     899
       38.850000       49.950000       75.000000
   WT     900
       61.050000       27.750000      255.000000
   WT     901
       61.050000       94.350000       15.000000
   WT     902
       49.950000       72.150000      255.000000
   WT     903
       83.250000       72.150000       75.000000
   WT     904
       49.950000       16.650000      135.000000
   WT     905
       16.650000      105.450000       75.000000
   WT     906
       94.350000       27.750000      195.000000
   WT     907
       16.650000        5.550000      165.000000
   WT     908
       27.750000      105.450000      165.000000
   WT     909
       49.950000       16.650000      165.000000
   WT     910
       16.650000      105.450000      105.000000
   WT     911
       49.950000        5.550000       15.000000
   WT     912
       72.150000       16.650000      105.000000
   WT     913
        5.550000       94.350000      255.000000
   WT     914
       27.750000       83.250000      165.000000
   WT     915
       49.950000       27.750000      105.000000
   WT     916
       16.650000       27.750000      105.000000
   WT     917
        5.550000       38.850000      105.000000
   WT     918
      105.450000       38.850000      285.000000
   WT     919
       72.150000       49.950000      195.000000
   WT     920
       16.650000       27.750000      225.000000
   WT     921
       83.250000       38.850000      135.000000
   WT     922
      105.450000       16.650000       75.000000
   WT     923
       38.850000       27.750000      285.000000
   WT     924
       94.350000       72.150000       75.000000
   WT     925
       27.750000       27.750000      255.000000
   WT     926
       61.050000       16.650000      135.000000
   WT     927
       94.350000       61.050000       75.000000
   WT     928
        5.550000      105.450000       75.000000
   WT     929
       27.750000       72.150000       45.000000
   WT     930
       49.950000        5.550000      255.000000
   WT     931
       83.250000       83.250000      105.000000
   WT     932
       16.650000       16.650000       15.000000
   WT     933
       83.250000       16.650000      225.000000
   WT     934
       61.050000       38.850000      255.000000
   WT     935
       72.150000       38.850000      225.000000
   WT     936
       49.950000       61.050000      195.000000
   WT     937
       16.650000       83.250000      135.000000
   WT     938
       49.950000       83.250000      195.000000
   WT     939
        5.550000       83.250000      195.000000
   WT     940
       94.350000       94.350000      255.000000
   WT     941
      105.450000       38.850000      135.000000
   WT     942
       83.250000       49.950000       45.000000
   WT     943
       94.350000       61.050000      255.000000
   WT     944
       83.250000       83.250000      285.000000
   WT     945
       94.350000       61.050000       15.000000
   WT     946
       16.650000       49.950000      105.000000
   WT     947
       27.750000      105.450000       45.000000
   WT     948
       38.850000       94.350000       45.000000
   WT     949
       83.250000       38.850000      225.000000
   WT     950
        5.550000       94.350000      225.000000
   WT     951
       61.050000       16.650000      285.000000
   WT     952
       38.850000       61.050000      285.000000
   WT     953
       49.950000       94.350000      105.000000
   WT     954
       94.350000        5.550000      135.000000
   WT     955
       49.950000       16.650000      285.000000
   WT     956
       72.150000        5.550000      105.000000
   WT     957
       27.750000       72.150000      135.000000
   WT     958
       38.850000       83.250000       75.000000
   WT     959
       83.250000       16.650000      195.000000
   WT     960
       49.950000      105.450000       45.000000
   WT     961
       16.650000        5.550000      195.000000
   WT     962
       38.850000       72.150000      225.000000
   WT     963
       27.750000       83.250000      195.000000
   WT     964
      105.450000       49.950000      255.000000
   WT     965
      105.450000        5.550000      255.000000
   WT     966
       94.350000       72.150000       45.000000
   WT     967
       16.650000       83.250000       15.000000
   WT     968
       16.650000       49.950000      165.000000
   WT     969
       38.850000       49.950000      135.000000
   WT     970
       83.250000       94.350000       15.000000
   WT     971
       61.050000        5.550000      285.000000
   WT     972
       27.750000       38.850000      285.000000
   WT     973
       61.050000       83.250000      135.000000
   WT     974
      105.450000      105.450000      195.000000
   WT     975
       38.850000       61.050000      225.000000
   WT     976
       16.650000      105.450000      135.000000
   WT     977
       94.350000        5.550000       15.000000
   WT     978
      105.450000       27.750000      105.000000
   WT     979
       83.250000       61.050000      195.000000
   WT     980
       83.250000       16.650000       45.000000
   WT     981
       72.150000       49.950000       45.000000
   WT     982
       38.850000       49.950000      225.000000
   WT     983
      105.450000      105.450000       75.000000
   WT     984
       72.150000       94.350000      225.000000
   WT     985
       61.050000       83.250000       45.000000
   WT     986
       27.750000       72.150000      195.000000
   WT     987
       49.950000       16.650000      105.000000
   WT     988
        5.550000       94.350000       75.000000
   WT     989
       38.850000      105.450000       45.000000
   WT     990
       27.750000        5.550000      135.000000
   WT     991
       38.850000       38.850000      255.000000
   WT     992
        5.550000       61.050000       45.000000
   WT     993
      105.450000       16.650000      225.000000
   WT     994
        5.550000       16.650000       15.000000
   WT     995
       16.650000       49.950000       15.000000
   WT     996
       83.250000        5.550000      105.000000
   WT     997
       94.350000       16.650000      195.000000
   WT     998
        5.550000       16.650000      285.000000
   WT     999
       27.750000       83.250000      255.000000
   WT    1000
      105.450000      105.450000      285.000000
